scooooores:
11677535.813181559
11715037.729631094
11831380.854125226
15361032.195679573
15625814.054565918
19413781.131362148
19836031.366814483
19853890.2707629
20483358.470657524
20888399.033338275
21741930.049503244
23616964.525288355
26746493.610503405
29447660.63087208
31387189.68215031
33047644.633041278
38348884.06416354
19226145.381926402
19312458.111891072
19675639.331127074
21576542.960580356
22448412.138477124
24303822.83101935
16400396.390580092
18745945.821935758
20119697.371629406
22487705.70862786
22528538.778531678
24414640.06039185
25336190.983592615
26830266.32686709
28464093.687484812
31441711.37297224
32344296.728204094
199592076.6085391
664189753.5022532
1536069494.5607533
1829778045.0942307
2443309744.365978
